query, qrel recall percentage, num baseline retrieved docs in qrels, num docs in qrels
wt09-1	0.166	75	453
wt09-2	0.169	64	379
wt09-3	0.073	43	591
wt09-4	0.092	53	574
wt09-5	0.098	47	478
wt09-6	0.138	69	501
wt09-7	0.05	28	562
wt09-8	0.082	53	649
wt09-9	0.109	60	552
wt09-10	0.087	53	609
wt09-11	0.177	77	436
wt09-12	0.085	51	602
wt09-13	0.047	31	664
wt09-14	0.079	45	573
wt09-15	0.129	70	544
wt09-16	0.009	4	445
wt09-17	0.086	50	581
wt09-18	0.144	62	432
wt09-19	0.018	12	684
wt09-20	0.105	60	574
wt09-21	0.11	63	575
wt09-22	0.128	57	446
wt09-23	0.063	38	599
wt09-24	0.082	48	588
wt09-25	0.141	69	489
wt09-26	0.081	42	517
wt09-27	0.115	57	494
wt09-28	0.105	60	573
wt09-29	0.066	40	604
wt09-30	0.09	52	578
wt09-31	0.139	74	532
wt09-32	0.08	44	551
wt09-33	0.136	71	521
wt09-34	0.089	56	630
wt09-35	0.127	62	487
wt09-36	0.068	42	615
wt09-37	0.135	65	482
wt09-38	0.01	5	525
wt09-39	0.091	47	519
wt09-40	0.211	70	332
wt09-41	0.147	56	380
wt09-42	0.012	7	571
wt09-43	0.006	3	484
wt09-44	0.002	1	598
wt09-45	0.126	68	541
wt09-46	0.172	70	406
wt09-47	0.156	72	463
wt09-48	0.145	62	428
wt09-49	0.135	65	481
wt09-50	0.122	63	515
wt10-51	0.207	35	169
wt10-52	0.258	33	128
wt10-53	0.178	16	90
wt10-54	0	0	254
wt10-55	0	0	126
wt10-56	0.182	12	66
wt10-57	0.215	56	261
wt10-58	0.121	20	165
wt10-59	0	0	46
wt10-60	0.188	59	313
wt10-61	0.091	21	230
wt10-62	0.456	47	103
wt10-63	0.202	26	129
wt10-64	0.176	42	238
wt10-65	0.118	15	127
wt10-66	0.098	4	41
wt10-67	0.203	12	59
wt10-68	0.102	11	108
wt10-69	0.179	12	67
wt10-70	0	0	98
wt10-71	0	0	90
wt10-72	0	0	83
wt10-73	0.205	32	156
wt10-74	0.156	15	96
wt10-75	0.144	27	187
wt10-76	0.287	49	171
wt10-77	0.111	16	144
wt10-78	0.016	3	189
wt10-79	0.02	2	100
wt10-80	0.151	42	279
wt10-81	0.017	3	173
wt10-82	0.029	4	138
wt10-83	0	0	82
wt10-84	0.223	50	224
wt10-85	0.105	14	133
wt10-86	0.463	38	82
wt10-87	0.076	7	92
wt10-88	0.207	34	164
wt10-89	0.182	27	148
wt10-90	0.252	30	119
wt10-91	0.131	8	61
wt10-92	0	0	29
wt10-93	0.333	22	66
wt10-94	0.06	5	83
wt10-95	-1	-1	-1
wt10-96	0.147	21	143
wt10-97	0.02	2	102
wt10-98	0.09	18	199
wt10-99	0.01	2	202
wt10-100	-1	-1	-1
