1	1	1	0.0	0.6666666666666666	0.6666666666666666	0.6666666666666666	0.6666666666666666	0.6666666666666666	0.6666666666666666	0.6666666666666666	0.6666666666666666	0.6666666666666666	0.6666666666666666	0.6666666666666666	0.6666666666666666	1.0	1.0	1.0	1.0	1.0	1.0	1.0
1	1	2	0.0	0.9877300613496933	0.9877300613496933	0.9877300613496933	0.9877300613496933	0.9877300613496933	0.9877300613496933	0.9877300613496933	0.9877300613496933	0.9877300613496933	0.9877300613496933	0.9877300613496933	0.9877300613496933	1.0	1.0	1.0	1.0	1.0	1.0	1.0
2	1	1	0.0	0.0	0.0	0.0	0.0	0.0	0.0	0.0	0.0	0.0	0.0	0.0	0.0	0.0	0.0	0.0	0.0	0.0	0.0	0.0
2	1	2	0.0	0.0	0.0	0.0	0.0	0.0	0.0	0.0	0.0	0.0	0.0	0.0	0.0	0.0	0.0	0.0	0.0	0.0	0.0	0.0
3	1	1	0.3333333333333333	0.6666666666666666	0.6666666666666666	0.6666666666666666	0.6666666666666666	0.6666666666666666	0.6666666666666666	0.6666666666666666	0.6666666666666666	0.6666666666666666	0.6666666666666666	0.6666666666666666	0.6666666666666666	0.6666666666666666	0.6666666666666666	0.6666666666666666	0.6666666666666666	0.6666666666666666	0.6666666666666666	0.6666666666666666
3	1	2	0.1888111888111888	0.9930069930069929	0.9930069930069929	0.9930069930069929	0.9930069930069929	0.9930069930069929	0.9930069930069929	0.9930069930069929	0.9930069930069929	0.9930069930069929	0.9930069930069929	0.9930069930069929	0.9930069930069929	0.9930069930069929	0.9930069930069929	0.9930069930069929	0.9930069930069929	0.9930069930069929	0.9930069930069929	0.9930069930069929
4	1	1	0.0	0.0	0.16666666666666666	0.16666666666666666	0.16666666666666666	0.16666666666666666	0.16666666666666666	0.16666666666666666	0.16666666666666666	0.16666666666666666	0.3333333333333333	0.3333333333333333	0.3333333333333333	0.3333333333333333	0.3333333333333333	0.3333333333333333	0.3333333333333333	0.3333333333333333	0.3333333333333333	0.3333333333333333
4	1	2	0.0	0.0	0.26666666666666666	0.26666666666666666	0.26666666666666666	0.26666666666666666	0.26666666666666666	0.26666666666666666	0.26666666666666666	0.26666666666666666	0.3238095238095238	0.3238095238095238	0.3238095238095238	0.3238095238095238	0.3238095238095238	0.3238095238095238	0.3238095238095238	0.3238095238095238	0.3238095238095238	0.3238095238095238
5	1	1	0.0	0.0	0.0	0.0	0.0	0.0	0.0	0.25	0.25	0.25	0.25	0.25	0.25	0.25	0.25	0.25	0.25	0.25	0.25	0.25
5	1	2	0.0	0.0	0.0	0.0	0.0	0.0	0.0	0.5882352941176471	0.5882352941176471	0.5882352941176471	0.5882352941176471	0.5882352941176471	0.5882352941176471	0.5882352941176471	0.5882352941176471	0.5882352941176471	0.5882352941176471	0.5882352941176471	0.5882352941176471	0.5882352941176471
6	1	1	0.0	0.0	0.0	0.0	0.0	0.0	0.0	0.0	0.0	0.0	0.0	0.0	0.0	0.0	0.0	0.0	0.0	0.0	0.0	0.0
6	1	2	0.0	0.0	0.0	0.0	0.0	0.0	0.0	0.0	0.0	0.0	0.0	0.0	0.0	0.0	0.0	0.0	0.0	0.0	0.0	0.0
7	1	1	0.0	0.0	0.0	0.0	0.0	0.0	0.0	0.0	0.0	0.0	0.0	0.0	0.0	0.0	0.0	0.0	0.0	0.0	0.0	0.0
7	1	2	0.0	0.0	0.0	0.0	0.0	0.0	0.0	0.0	0.0	0.0	0.0	0.0	0.0	0.0	0.0	0.0	0.0	0.0	0.0	0.0
8	1	1	0.0	0.0	0.25	0.25	0.25	0.25	0.25	0.25	0.25	0.25	0.25	0.25	0.25	0.25	0.25	0.25	0.25	0.25	0.25	0.25
8	1	2	0.0	0.0	0.6423841059602649	0.6423841059602649	0.6423841059602649	0.6423841059602649	0.6423841059602649	0.6423841059602649	0.6423841059602649	0.6423841059602649	0.6423841059602649	0.6423841059602649	0.6423841059602649	0.6423841059602649	0.6423841059602649	0.6423841059602649	0.6423841059602649	0.6423841059602649	0.6423841059602649	0.6423841059602649
9	1	1	0.0	0.0	0.0	0.0	0.3333333333333333	0.3333333333333333	0.3333333333333333	0.3333333333333333	0.3333333333333333	0.3333333333333333	0.3333333333333333	0.3333333333333333	0.3333333333333333	0.3333333333333333	0.3333333333333333	0.3333333333333333	0.3333333333333333	0.3333333333333333	0.3333333333333333	0.3333333333333333
9	1	2	0.0	0.0	0.0	0.0	0.9679144385026738	0.9679144385026738	0.9679144385026738	0.9679144385026738	0.9679144385026738	0.9679144385026738	0.9679144385026738	0.9679144385026738	0.9679144385026738	0.9679144385026738	0.9679144385026738	0.9679144385026738	0.9679144385026738	0.9679144385026738	0.9679144385026738	0.9679144385026738
10	1	1	0.0	0.0	0.0	0.0	0.0	0.0	0.0	0.0	0.2857142857142857	0.2857142857142857	0.2857142857142857	0.2857142857142857	0.2857142857142857	0.2857142857142857	0.2857142857142857	0.2857142857142857	0.2857142857142857	0.2857142857142857	0.2857142857142857	0.2857142857142857
10	1	2	0.0	0.0	0.0	0.0	0.0	0.0	0.0	0.0	0.7095588235294117	0.7095588235294117	0.7095588235294117	0.7095588235294117	0.7095588235294117	0.7095588235294117	0.7095588235294117	0.7095588235294117	0.7095588235294117	0.7095588235294117	0.7095588235294117	0.7095588235294117
11	1	1	0.16666666666666666	0.16666666666666666	0.16666666666666666	0.16666666666666666	0.16666666666666666	0.16666666666666666	0.16666666666666666	0.16666666666666666	0.16666666666666666	0.16666666666666666	0.16666666666666666	0.16666666666666666	0.16666666666666666	0.16666666666666666	0.16666666666666666	0.16666666666666666	0.16666666666666666	0.16666666666666666	0.16666666666666666	0.16666666666666666
11	1	2	0.8446601941747572	0.8446601941747572	0.8446601941747572	0.8446601941747572	0.8446601941747572	0.8446601941747572	0.8446601941747572	0.8446601941747572	0.8446601941747572	0.8446601941747572	0.8446601941747572	0.8446601941747572	0.8446601941747572	0.8446601941747572	0.8446601941747572	0.8446601941747572	0.8446601941747572	0.8446601941747572	0.8446601941747572	0.8446601941747572
12	1	1	0.25	0.25	0.5	0.5	0.5	0.5	0.5	0.75	0.75	0.75	0.75	0.75	0.75	0.75	0.75	0.75	0.75	0.75	0.75	0.75
12	1	2	0.5604395604395604	0.5604395604395604	0.9706959706959707	0.9706959706959707	0.9706959706959707	0.9706959706959707	0.9706959706959707	0.9743589743589743	0.9743589743589743	0.9743589743589743	0.9743589743589743	0.9743589743589743	0.9743589743589743	0.9743589743589743	0.9743589743589743	0.9743589743589743	0.9743589743589743	0.9743589743589743	0.9743589743589743	0.9743589743589743
13	1	1	0.0	0.0	0.0	0.0	0.0	0.0	0.0	0.0	0.0	0.0	0.0	0.0	0.0	0.0	0.0	0.0	0.0	0.0	0.0	0.0
13	1	2	0.0	0.0	0.0	0.0	0.0	0.0	0.0	0.0	0.0	0.0	0.0	0.0	0.0	0.0	0.0	0.0	0.0	0.0	0.0	0.0
14	1	1	0.0	0.0	0.5	0.5	0.5	0.5	0.5	0.5	0.5	0.5	0.5	0.5	0.5	0.75	0.75	0.75	0.75	0.75	0.75	0.75
14	1	2	0.0	0.0	0.9657534246575342	0.9657534246575342	0.9657534246575342	0.9657534246575342	0.9657534246575342	0.9657534246575342	0.9657534246575342	0.9657534246575342	0.9657534246575342	0.9657534246575342	0.9657534246575342	0.9977168949771689	0.9977168949771689	0.9977168949771689	0.9977168949771689	0.9977168949771689	0.9977168949771689	0.9977168949771689
15	1	1	0.0	0.0	0.0	0.0	0.0	0.0	0.0	0.0	0.0	0.0	0.0	0.0	0.0	0.0	0.0	0.0	0.0	0.0	0.0	0.0
15	1	2	0.0	0.0	0.0	0.0	0.0	0.0	0.0	0.0	0.0	0.0	0.0	0.0	0.0	0.0	0.0	0.0	0.0	0.0	0.0	0.0
16	1	1	0.0	0.25	0.25	0.25	0.25	0.25	0.25	0.25	0.25	0.25	0.25	0.25	0.25	0.25	0.25	0.25	0.25	0.25	0.25	0.25
16	1	2	0.0	0.23529411764705882	0.23529411764705882	0.23529411764705882	0.23529411764705882	0.23529411764705882	0.23529411764705882	0.23529411764705882	0.23529411764705882	0.23529411764705882	0.23529411764705882	0.23529411764705882	0.23529411764705882	0.23529411764705882	0.23529411764705882	0.23529411764705882	0.23529411764705882	0.23529411764705882	0.23529411764705882	0.23529411764705882
17	1	1	0.0	0.0	0.6666666666666666	0.6666666666666666	0.8333333333333334	0.8333333333333334	0.8333333333333334	0.8333333333333334	0.8333333333333334	0.8333333333333334	0.8333333333333334	0.8333333333333334	0.8333333333333334	0.8333333333333334	0.8333333333333334	0.8333333333333334	0.8333333333333334	0.8333333333333334	0.8333333333333334	0.8333333333333334
17	1	2	0.0	0.0	0.8953488372093024	0.8953488372093024	0.9767441860465117	0.9767441860465117	0.9767441860465117	0.9767441860465117	0.9767441860465117	0.9767441860465117	0.9767441860465117	0.9767441860465117	0.9767441860465117	0.9767441860465117	0.9767441860465117	0.9767441860465117	0.9767441860465117	0.9767441860465117	0.9767441860465117	0.9767441860465117
18	1	1	0.0	0.0	0.8	0.8	0.8	0.8	0.8	0.8	0.8	0.8	0.8	0.8	0.8	0.8	0.8	0.8	0.8	0.8	0.8	0.8
18	1	2	0.0	0.0	0.98	0.98	0.98	0.98	0.98	0.98	0.98	0.98	0.98	0.98	0.98	0.98	0.98	0.98	0.98	0.98	0.98	0.98
19	1	1	0.0	0.0	0.0	0.0	0.0	0.0	0.0	0.0	0.0	0.0	0.0	0.0	0.0	0.0	0.0	0.0	0.0	0.0	0.0	0.0
19	1	2	0.0	0.0	0.0	0.0	0.0	0.0	0.0	0.0	0.0	0.0	0.0	0.0	0.0	0.0	0.0	0.0	0.0	0.0	0.0	0.0
20	1	1	0.0	0.0	0.0	0.2	0.2	0.2	0.4	0.4	0.4	0.4	0.4	0.4	0.4	0.4	0.4	0.4	0.4	0.4	0.4	0.4
20	1	2	0.0	0.0	0.0	0.2978723404255319	0.2978723404255319	0.2978723404255319	0.5106382978723404	0.5106382978723404	0.5106382978723404	0.5106382978723404	0.5106382978723404	0.5106382978723404	0.5106382978723404	0.5106382978723404	0.5106382978723404	0.5106382978723404	0.5106382978723404	0.5106382978723404	0.5106382978723404	0.5106382978723404
21	1	1	0.0	0.0	0.0	0.0	0.2	0.2	0.2	0.2	0.2	0.2	0.2	0.2	0.2	0.2	0.2	0.2	0.2	0.2	0.2	0.2
21	1	2	0.0	0.0	0.0	0.0	0.808	0.808	0.808	0.808	0.808	0.808	0.808	0.808	0.808	0.808	0.808	0.808	0.808	0.808	0.808	0.808
22	1	1	0.0	0.0	0.0	0.0	0.0	0.0	0.0	0.0	0.0	0.0	0.2	0.2	0.4	0.4	0.4	0.4	0.4	0.4	0.4	0.4
22	1	2	0.0	0.0	0.0	0.0	0.0	0.0	0.0	0.0	0.0	0.0	0.6868686868686869	0.6868686868686869	0.8282828282828283	0.8282828282828283	0.8282828282828283	0.8282828282828283	0.8282828282828283	0.8282828282828283	0.8282828282828283	0.8282828282828283
23	1	1	0.0	0.0	0.0	0.0	0.0	0.0	0.0	0.0	0.0	0.0	0.0	0.0	0.0	0.0	0.0	0.0	0.0	0.0	0.0	0.0
23	1	2	0.0	0.0	0.0	0.0	0.0	0.0	0.0	0.0	0.0	0.0	0.0	0.0	0.0	0.0	0.0	0.0	0.0	0.0	0.0	0.0
24	1	1	0.0	0.0	0.0	0.0	0.0	0.0	0.0	0.5	0.5	0.5	0.5	0.5	0.5	0.5	0.5	0.5	0.5	0.5	0.5	0.5
24	1	2	0.0	0.0	0.0	0.0	0.0	0.0	0.0	0.6194029850746269	0.6194029850746269	0.6194029850746269	0.6194029850746269	0.6194029850746269	0.6194029850746269	0.6194029850746269	0.6194029850746269	0.6194029850746269	0.6194029850746269	0.6194029850746269	0.6194029850746269	0.6194029850746269
25	1	1	0.0	0.0	0.25	0.25	0.25	0.25	0.25	0.25	0.25	0.25	0.25	0.25	0.25	0.25	0.25	0.25	0.25	0.25	0.25	0.25
25	1	2	0.0	0.0	0.9583333333333334	0.9583333333333334	0.9583333333333334	0.9583333333333334	0.9583333333333334	0.9583333333333334	0.9583333333333334	0.9583333333333334	0.9583333333333334	0.9583333333333334	0.9583333333333334	0.9583333333333334	0.9583333333333334	0.9583333333333334	0.9583333333333334	0.9583333333333334	0.9583333333333334	0.9583333333333334
26	1	1	0.0	0.25	0.25	0.25	0.25	0.25	0.5	0.5	0.5	0.5	0.5	0.5	0.75	0.75	0.75	0.75	0.75	0.75	0.75	0.75
26	1	2	0.0	0.4962962962962963	0.4962962962962963	0.4962962962962963	0.4962962962962963	0.4962962962962963	0.7876543209876543	0.7876543209876543	0.7876543209876543	0.7876543209876543	0.7876543209876543	0.7876543209876543	0.9086419753086419	0.9086419753086419	0.9086419753086419	0.9086419753086419	0.9086419753086419	0.9086419753086419	0.9086419753086419	0.9086419753086419
27	1	1	0.0	0.0	0.0	0.0	0.0	0.0	0.0	0.0	0.0	0.0	0.0	0.16666666666666666	0.16666666666666666	0.16666666666666666	0.16666666666666666	0.16666666666666666	0.16666666666666666	0.16666666666666666	0.16666666666666666	0.16666666666666666
27	1	2	0.0	0.0	0.0	0.0	0.0	0.0	0.0	0.0	0.0	0.0	0.0	0.7608695652173914	0.7608695652173914	0.7608695652173914	0.7608695652173914	0.7608695652173914	0.7608695652173914	0.7608695652173914	0.7608695652173914	0.7608695652173914
28	1	1	0.0	0.0	0.0	0.0	0.0	0.0	0.2	0.2	0.2	0.2	0.2	0.2	0.2	0.2	0.4	0.4	0.4	0.4	0.4	0.4
28	1	2	0.0	0.0	0.0	0.0	0.0	0.0	0.3308270676691729	0.3308270676691729	0.3308270676691729	0.3308270676691729	0.3308270676691729	0.3308270676691729	0.3308270676691729	0.3308270676691729	0.42857142857142855	0.42857142857142855	0.42857142857142855	0.42857142857142855	0.42857142857142855	0.42857142857142855
29	1	1	0.0	0.0	0.0	0.0	0.0	0.0	0.0	0.0	0.0	0.0	0.0	0.0	0.0	0.0	0.0	0.0	0.0	0.0	0.0	0.0
29	1	2	0.0	0.0	0.0	0.0	0.0	0.0	0.0	0.0	0.0	0.0	0.0	0.0	0.0	0.0	0.0	0.0	0.0	0.0	0.0	0.0
30	1	1	0.0	0.0	0.16666666666666666	0.16666666666666666	0.16666666666666666	0.3333333333333333	0.3333333333333333	0.3333333333333333	0.3333333333333333	0.3333333333333333	0.3333333333333333	0.3333333333333333	0.3333333333333333	0.3333333333333333	0.3333333333333333	0.3333333333333333	0.3333333333333333	0.3333333333333333	0.3333333333333333	0.3333333333333333
30	1	2	0.0	0.0	0.1388888888888889	0.1388888888888889	0.1388888888888889	0.3611111111111111	0.3611111111111111	0.3611111111111111	0.3611111111111111	0.3611111111111111	0.3611111111111111	0.3611111111111111	0.3611111111111111	0.3611111111111111	0.3611111111111111	0.3611111111111111	0.3611111111111111	0.3611111111111111	0.3611111111111111	0.3611111111111111
31	1	1	0.0	0.0	0.5	0.5	0.5	0.5	0.5	0.5	0.5	0.5	0.5	0.5	0.5	0.5	0.5	0.5	0.5	0.5	0.5	0.5
31	1	2	0.0	0.0	0.91156462585034	0.91156462585034	0.91156462585034	0.91156462585034	0.91156462585034	0.91156462585034	0.91156462585034	0.91156462585034	0.91156462585034	0.91156462585034	0.91156462585034	0.91156462585034	0.91156462585034	0.91156462585034	0.91156462585034	0.91156462585034	0.91156462585034	0.91156462585034
32	1	1	0.4	0.4	0.4	0.4	0.4	0.4	0.4	0.4	0.4	0.4	0.4	0.4	0.4	0.4	0.4	0.4	0.4	0.4	0.4	0.4
32	1	2	0.9668874172185431	0.9668874172185431	0.9668874172185431	0.9668874172185431	0.9668874172185431	0.9668874172185431	0.9668874172185431	0.9668874172185431	0.9668874172185431	0.9668874172185431	0.9668874172185431	0.9668874172185431	0.9668874172185431	0.9668874172185431	0.9668874172185431	0.9668874172185431	0.9668874172185431	0.9668874172185431	0.9668874172185431	0.9668874172185431
33	1	1	0.0	0.0	0.0	0.0	0.0	0.0	0.25	0.25	0.25	0.25	0.25	0.25	0.25	0.25	0.25	0.25	0.25	0.25	0.25	0.25
33	1	2	0.0	0.0	0.0	0.0	0.0	0.0	0.3782051282051282	0.3782051282051282	0.3782051282051282	0.3782051282051282	0.3782051282051282	0.3782051282051282	0.3782051282051282	0.3782051282051282	0.3782051282051282	0.3782051282051282	0.3782051282051282	0.3782051282051282	0.3782051282051282	0.3782051282051282
34	1	1	0.0	0.0	0.0	0.0	0.0	0.0	0.0	0.0	0.0	0.0	0.0	0.0	0.0	0.0	0.0	0.0	0.125	0.125	0.25	0.25
34	1	2	0.0	0.0	0.0	0.0	0.0	0.0	0.0	0.0	0.0	0.0	0.0	0.0	0.0	0.0	0.0	0.0	0.3902439024390244	0.3902439024390244	0.7073170731707317	0.7073170731707317
35	1	1	0.0	0.0	0.0	0.0	0.0	0.0	0.0	0.0	0.0	0.0	0.0	0.0	0.0	0.0	0.0	0.0	0.0	0.0	0.0	0.0
35	1	2	0.0	0.0	0.0	0.0	0.0	0.0	0.0	0.0	0.0	0.0	0.0	0.0	0.0	0.0	0.0	0.0	0.0	0.0	0.0	0.0
36	1	1	0.0	0.0	0.0	0.0	0.0	0.0	0.0	0.0	0.0	0.0	0.0	0.0	0.0	0.0	0.0	0.0	0.0	0.0	0.0	0.0
36	1	2	0.0	0.0	0.0	0.0	0.0	0.0	0.0	0.0	0.0	0.0	0.0	0.0	0.0	0.0	0.0	0.0	0.0	0.0	0.0	0.0
37	1	1	0.0	0.2	0.2	0.2	0.2	0.2	0.2	0.2	0.2	0.4	0.4	0.4	0.4	0.4	0.4	0.4	0.4	0.4	0.4	0.4
37	1	2	0.0	0.4	0.4	0.4	0.4	0.4	0.4	0.4	0.4	0.8909090909090909	0.8909090909090909	0.8909090909090909	0.8909090909090909	0.8909090909090909	0.8909090909090909	0.8909090909090909	0.8909090909090909	0.8909090909090909	0.8909090909090909	0.8909090909090909
38	1	1	0.0	0.0	0.0	0.0	0.0	0.3333333333333333	0.3333333333333333	0.3333333333333333	0.3333333333333333	0.3333333333333333	0.3333333333333333	0.3333333333333333	0.3333333333333333	0.3333333333333333	0.3333333333333333	0.3333333333333333	0.3333333333333333	0.3333333333333333	0.3333333333333333	0.3333333333333333
38	1	2	0.0	0.0	0.0	0.0	0.0	0.8133333333333334	0.8133333333333334	0.8133333333333334	0.8133333333333334	0.8133333333333334	0.8133333333333334	0.8133333333333334	0.8133333333333334	0.8133333333333334	0.8133333333333334	0.8133333333333334	0.8133333333333334	0.8133333333333334	0.8133333333333334	0.8133333333333334
39	1	1	0.0	0.0	0.0	0.25	0.25	0.25	0.25	0.25	0.25	0.25	0.25	0.25	0.25	0.5	0.5	0.5	0.5	0.5	0.5	0.5
39	1	2	0.0	0.0	0.0	0.7142857142857143	0.7142857142857143	0.7142857142857143	0.7142857142857143	0.7142857142857143	0.7142857142857143	0.7142857142857143	0.7142857142857143	0.7142857142857143	0.7142857142857143	0.8482142857142857	0.8482142857142857	0.8482142857142857	0.8482142857142857	0.8482142857142857	0.8482142857142857	0.8482142857142857
40	1	1	0.0	0.0	0.0	0.0	0.0	0.0	0.0	0.25	0.25	0.25	0.25	0.25	0.25	0.25	0.25	0.25	0.25	0.25	0.25	0.25
40	1	2	0.0	0.0	0.0	0.0	0.0	0.0	0.0	0.9041095890410958	0.9041095890410958	0.9041095890410958	0.9041095890410958	0.9041095890410958	0.9041095890410958	0.9041095890410958	0.9041095890410958	0.9041095890410958	0.9041095890410958	0.9041095890410958	0.9041095890410958	0.9041095890410958
41	1	1	0.0	0.0	0.0	0.25	0.25	0.5	0.5	0.5	0.5	0.5	0.5	0.5	0.5	0.5	0.5	0.5	0.5	0.5	0.5	0.5
41	1	2	0.0	0.0	0.0	0.6	0.6	0.9666666666666666	0.9666666666666666	0.9666666666666666	0.9666666666666666	0.9666666666666666	0.9666666666666666	0.9666666666666666	0.9666666666666666	0.9666666666666666	0.9666666666666666	0.9666666666666666	0.9666666666666666	0.9666666666666666	0.9666666666666666	0.9666666666666666
42	1	1	0.0	0.0	0.0	0.0	0.0	0.0	0.0	0.0	0.0	0.0	0.0	0.0	0.0	0.0	0.0	0.0	0.0	0.0	0.0	0.0
42	1	2	0.0	0.0	0.0	0.0	0.0	0.0	0.0	0.0	0.0	0.0	0.0	0.0	0.0	0.0	0.0	0.0	0.0	0.0	0.0	0.0
43	1	1	0.0	0.0	0.0	0.0	0.0	0.0	0.0	0.0	0.0	0.0	0.0	0.0	0.0	0.0	0.0	0.0	0.0	0.0	0.0	0.0
43	1	2	0.0	0.0	0.0	0.0	0.0	0.0	0.0	0.0	0.0	0.0	0.0	0.0	0.0	0.0	0.0	0.0	0.0	0.0	0.0	0.0
44	1	1	0.0	0.0	0.0	0.0	0.0	0.0	0.3333333333333333	0.3333333333333333	0.3333333333333333	0.3333333333333333	0.3333333333333333	0.3333333333333333	0.3333333333333333	0.3333333333333333	0.3333333333333333	0.3333333333333333	0.3333333333333333	0.3333333333333333	0.3333333333333333	0.3333333333333333
44	1	2	0.0	0.0	0.0	0.0	0.0	0.0	0.9941176470588236	0.9941176470588236	0.9941176470588236	0.9941176470588236	0.9941176470588236	0.9941176470588236	0.9941176470588236	0.9941176470588236	0.9941176470588236	0.9941176470588236	0.9941176470588236	0.9941176470588236	0.9941176470588236	0.9941176470588236
45	1	1	0.0	0.0	0.0	0.3333333333333333	0.3333333333333333	0.3333333333333333	0.3333333333333333	0.3333333333333333	0.3333333333333333	0.6666666666666666	0.6666666666666666	0.6666666666666666	0.6666666666666666	0.6666666666666666	0.6666666666666666	0.6666666666666666	0.6666666666666666	0.6666666666666666	0.6666666666666666	0.6666666666666666
45	1	2	0.0	0.0	0.0	0.6363636363636364	0.6363636363636364	0.6363636363636364	0.6363636363636364	0.6363636363636364	0.6363636363636364	0.6818181818181818	0.6818181818181818	0.6818181818181818	0.6818181818181818	0.6818181818181818	0.6818181818181818	0.6818181818181818	0.6818181818181818	0.6818181818181818	0.6818181818181818	0.6818181818181818
46	1	1	0.5	0.5	0.5	0.5	1.0	1.0	1.0	1.0	1.0	1.0	1.0	1.0	1.0	1.0	1.0	1.0	1.0	1.0	1.0	1.0
46	1	2	0.7213114754098361	0.7213114754098361	0.7213114754098361	0.7213114754098361	1.0	1.0	1.0	1.0	1.0	1.0	1.0	1.0	1.0	1.0	1.0	1.0	1.0	1.0	1.0	1.0
47	1	1	0.0	0.0	0.0	0.0	0.0	0.0	0.2	0.2	0.2	0.2	0.2	0.2	0.2	0.2	0.2	0.2	0.2	0.2	0.2	0.2
47	1	2	0.0	0.0	0.0	0.0	0.0	0.0	0.7777777777777778	0.7777777777777778	0.7777777777777778	0.7777777777777778	0.7777777777777778	0.7777777777777778	0.7777777777777778	0.7777777777777778	0.7777777777777778	0.7777777777777778	0.7777777777777778	0.7777777777777778	0.7777777777777778	0.7777777777777778
48	1	1	0.16666666666666666	0.16666666666666666	0.16666666666666666	0.16666666666666666	0.16666666666666666	0.3333333333333333	0.5	0.5	0.5	0.5	0.5	0.5	0.5	0.5	0.5	0.5	0.5	0.5	0.5	0.5
48	1	2	0.6176470588235294	0.6176470588235294	0.6176470588235294	0.6176470588235294	0.6176470588235294	0.7058823529411765	0.8823529411764706	0.8823529411764706	0.8823529411764706	0.8823529411764706	0.8823529411764706	0.8823529411764706	0.8823529411764706	0.8823529411764706	0.8823529411764706	0.8823529411764706	0.8823529411764706	0.8823529411764706	0.8823529411764706	0.8823529411764706
49	1	1	0.0	0.0	0.0	0.3333333333333333	1.0	1.0	1.0	1.0	1.0	1.0	1.0	1.0	1.0	1.0	1.0	1.0	1.0	1.0	1.0	1.0
49	1	2	0.0	0.0	0.0	0.46551724137931033	1.0	1.0	1.0	1.0	1.0	1.0	1.0	1.0	1.0	1.0	1.0	1.0	1.0	1.0	1.0	1.0
1	2	1	0.0	0.6666666666666666	0.6666666666666666	0.6666666666666666	0.6666666666666666	0.6666666666666666	0.6666666666666666	0.6666666666666666	0.6666666666666666	0.6666666666666666	0.6666666666666666	0.6666666666666666	0.6666666666666666	0.6666666666666666	0.6666666666666666	1.0	1.0	1.0	1.0	1.0
1	2	2	0.0	0.9877300613496933	0.9877300613496933	0.9877300613496933	0.9877300613496933	0.9877300613496933	0.9877300613496933	0.9877300613496933	0.9877300613496933	0.9877300613496933	0.9877300613496933	0.9877300613496933	0.9877300613496933	0.9877300613496933	0.9877300613496933	1.0	1.0	1.0	1.0	1.0
2	2	1	0.0	0.0	0.0	0.0	0.0	0.0	0.0	0.0	0.0	0.0	0.0	0.0	0.0	0.0	0.0	0.0	0.0	0.0	0.0	0.0
2	2	2	0.0	0.0	0.0	0.0	0.0	0.0	0.0	0.0	0.0	0.0	0.0	0.0	0.0	0.0	0.0	0.0	0.0	0.0	0.0	0.0
3	2	1	0.0	0.0	0.0	0.0	0.0	0.0	0.0	0.0	0.0	0.0	0.0	0.3333333333333333	0.3333333333333333	0.3333333333333333	0.3333333333333333	0.3333333333333333	0.3333333333333333	0.3333333333333333	0.3333333333333333	0.3333333333333333
3	2	2	0.0	0.0	0.0	0.0	0.0	0.0	0.0	0.0	0.0	0.0	0.0	0.8041958041958042	0.8041958041958042	0.8041958041958042	0.8041958041958042	0.8041958041958042	0.8041958041958042	0.8041958041958042	0.8041958041958042	0.8041958041958042
4	2	1	0.0	0.0	0.0	0.16666666666666666	0.16666666666666666	0.16666666666666666	0.16666666666666666	0.16666666666666666	0.16666666666666666	0.16666666666666666	0.16666666666666666	0.16666666666666666	0.16666666666666666	0.16666666666666666	0.16666666666666666	0.16666666666666666	0.16666666666666666	0.16666666666666666	0.3333333333333333	0.3333333333333333
4	2	2	0.0	0.0	0.0	0.26666666666666666	0.26666666666666666	0.26666666666666666	0.26666666666666666	0.26666666666666666	0.26666666666666666	0.26666666666666666	0.26666666666666666	0.26666666666666666	0.26666666666666666	0.26666666666666666	0.26666666666666666	0.26666666666666666	0.26666666666666666	0.26666666666666666	0.8952380952380952	0.8952380952380952
5	2	1	0.0	0.0	0.0	0.0	0.0	0.0	0.0	0.0	0.0	0.0	0.0	0.0	0.0	0.0	0.0	0.0	0.0	0.0	0.0	0.0
5	2	2	0.0	0.0	0.0	0.0	0.0	0.0	0.0	0.0	0.0	0.0	0.0	0.0	0.0	0.0	0.0	0.0	0.0	0.0	0.0	0.0
6	2	1	0.0	0.0	0.0	0.0	0.0	0.0	0.0	0.0	0.0	0.0	0.0	0.0	0.0	0.0	0.0	0.0	0.0	0.0	0.0	0.0
6	2	2	0.0	0.0	0.0	0.0	0.0	0.0	0.0	0.0	0.0	0.0	0.0	0.0	0.0	0.0	0.0	0.0	0.0	0.0	0.0	0.0
7	2	1	0.0	0.0	0.0	0.0	0.0	0.0	0.0	0.0	0.0	0.0	0.0	0.0	0.0	0.0	0.0	0.0	0.0	0.0	0.0	0.0
7	2	2	0.0	0.0	0.0	0.0	0.0	0.0	0.0	0.0	0.0	0.0	0.0	0.0	0.0	0.0	0.0	0.0	0.0	0.0	0.0	0.0
8	2	1	0.0	0.25	0.25	0.25	0.25	0.25	0.25	0.25	0.25	0.25	0.25	0.25	0.25	0.25	0.25	0.25	0.5	0.5	0.5	0.5
8	2	2	0.0	0.6423841059602649	0.6423841059602649	0.6423841059602649	0.6423841059602649	0.6423841059602649	0.6423841059602649	0.6423841059602649	0.6423841059602649	0.6423841059602649	0.6423841059602649	0.6423841059602649	0.6423841059602649	0.6423841059602649	0.6423841059602649	0.6423841059602649	0.933774834437086	0.933774834437086	0.933774834437086	0.933774834437086
9	2	1	0.0	0.0	0.0	0.3333333333333333	0.3333333333333333	0.3333333333333333	0.3333333333333333	0.3333333333333333	0.3333333333333333	0.3333333333333333	0.3333333333333333	0.3333333333333333	0.3333333333333333	0.3333333333333333	0.3333333333333333	0.3333333333333333	0.3333333333333333	0.3333333333333333	0.3333333333333333	0.3333333333333333
9	2	2	0.0	0.0	0.0	0.9679144385026738	0.9679144385026738	0.9679144385026738	0.9679144385026738	0.9679144385026738	0.9679144385026738	0.9679144385026738	0.9679144385026738	0.9679144385026738	0.9679144385026738	0.9679144385026738	0.9679144385026738	0.9679144385026738	0.9679144385026738	0.9679144385026738	0.9679144385026738	0.9679144385026738
10	2	1	0.0	0.0	0.0	0.0	0.0	0.0	0.0	0.0	0.0	0.0	0.42857142857142855	0.42857142857142855	0.42857142857142855	0.42857142857142855	0.42857142857142855	0.42857142857142855	0.42857142857142855	0.42857142857142855	0.42857142857142855	0.42857142857142855
10	2	2	0.0	0.0	0.0	0.0	0.0	0.0	0.0	0.0	0.0	0.0	0.9558823529411764	0.9558823529411764	0.9558823529411764	0.9558823529411764	0.9558823529411764	0.9558823529411764	0.9558823529411764	0.9558823529411764	0.9558823529411764	0.9558823529411764
11	2	1	0.16666666666666666	0.16666666666666666	0.16666666666666666	0.16666666666666666	0.16666666666666666	0.16666666666666666	0.16666666666666666	0.16666666666666666	0.3333333333333333	0.3333333333333333	0.3333333333333333	0.3333333333333333	0.3333333333333333	0.3333333333333333	0.3333333333333333	0.3333333333333333	0.3333333333333333	0.3333333333333333	0.3333333333333333	0.3333333333333333
11	2	2	0.8446601941747572	0.8446601941747572	0.8446601941747572	0.8446601941747572	0.8446601941747572	0.8446601941747572	0.8446601941747572	0.8446601941747572	0.9029126213592232	0.9029126213592232	0.9029126213592232	0.9029126213592232	0.9029126213592232	0.9029126213592232	0.9029126213592232	0.9029126213592232	0.9029126213592232	0.9029126213592232	0.9029126213592232	0.9029126213592232
12	2	1	0.0	0.5	0.5	0.5	0.5	0.5	0.5	0.5	0.5	0.5	0.5	0.5	0.5	0.5	0.5	0.5	0.5	0.5	0.5	0.75
12	2	2	0.0	0.9706959706959707	0.9706959706959707	0.9706959706959707	0.9706959706959707	0.9706959706959707	0.9706959706959707	0.9706959706959707	0.9706959706959707	0.9706959706959707	0.9706959706959707	0.9706959706959707	0.9706959706959707	0.9706959706959707	0.9706959706959707	0.9706959706959707	0.9706959706959707	0.9706959706959707	0.9706959706959707	0.9743589743589743
13	2	1	0.0	0.0	0.0	0.0	0.0	0.0	0.0	0.0	0.0	0.0	0.0	0.0	0.0	0.0	0.0	0.0	0.0	0.0	0.0	0.0
13	2	2	0.0	0.0	0.0	0.0	0.0	0.0	0.0	0.0	0.0	0.0	0.0	0.0	0.0	0.0	0.0	0.0	0.0	0.0	0.0	0.0
14	2	1	0.5	0.5	0.5	0.5	0.5	0.5	0.5	0.5	0.5	0.5	0.5	0.5	0.5	0.5	0.5	0.5	0.5	0.5	0.5	0.5
14	2	2	0.9657534246575342	0.9657534246575342	0.9657534246575342	0.9657534246575342	0.9657534246575342	0.9657534246575342	0.9657534246575342	0.9657534246575342	0.9657534246575342	0.9657534246575342	0.9657534246575342	0.9657534246575342	0.9657534246575342	0.9657534246575342	0.9657534246575342	0.9657534246575342	0.9657534246575342	0.9657534246575342	0.9657534246575342	0.9657534246575342
15	2	1	0.0	0.0	0.0	0.0	0.0	0.0	0.0	0.0	0.0	0.0	0.0	0.0	0.0	0.0	0.0	0.0	0.0	0.0	0.0	0.0
15	2	2	0.0	0.0	0.0	0.0	0.0	0.0	0.0	0.0	0.0	0.0	0.0	0.0	0.0	0.0	0.0	0.0	0.0	0.0	0.0	0.0
16	2	1	0.25	0.25	0.25	0.25	0.25	0.25	0.25	0.25	0.25	0.25	0.25	0.25	0.25	0.25	0.25	0.25	0.25	0.25	0.25	0.25
16	2	2	0.23529411764705882	0.23529411764705882	0.23529411764705882	0.23529411764705882	0.23529411764705882	0.23529411764705882	0.23529411764705882	0.23529411764705882	0.23529411764705882	0.23529411764705882	0.23529411764705882	0.23529411764705882	0.23529411764705882	0.23529411764705882	0.23529411764705882	0.23529411764705882	0.23529411764705882	0.23529411764705882	0.23529411764705882	0.23529411764705882
17	2	1	0.0	0.0	0.16666666666666666	0.16666666666666666	0.16666666666666666	0.16666666666666666	0.16666666666666666	0.16666666666666666	0.16666666666666666	0.16666666666666666	0.16666666666666666	0.16666666666666666	0.16666666666666666	0.16666666666666666	0.16666666666666666	0.16666666666666666	0.16666666666666666	0.16666666666666666	0.16666666666666666	0.16666666666666666
17	2	2	0.0	0.0	0.05813953488372093	0.05813953488372093	0.05813953488372093	0.05813953488372093	0.05813953488372093	0.05813953488372093	0.05813953488372093	0.05813953488372093	0.05813953488372093	0.05813953488372093	0.05813953488372093	0.05813953488372093	0.05813953488372093	0.05813953488372093	0.05813953488372093	0.05813953488372093	0.05813953488372093	0.05813953488372093
18	2	1	0.8	0.8	0.8	0.8	0.8	0.8	0.8	0.8	0.8	0.8	0.8	0.8	0.8	0.8	1.0	1.0	1.0	1.0	1.0	1.0
18	2	2	0.98	0.98	0.98	0.98	0.98	0.98	0.98	0.98	0.98	0.98	0.98	0.98	0.98	0.98	1.0	1.0	1.0	1.0	1.0	1.0
19	2	1	0.0	0.0	0.0	0.0	0.0	0.0	0.0	0.0	0.0	0.0	0.0	0.0	0.0	0.0	0.0	0.0	0.0	0.0	0.0	0.0
19	2	2	0.0	0.0	0.0	0.0	0.0	0.0	0.0	0.0	0.0	0.0	0.0	0.0	0.0	0.0	0.0	0.0	0.0	0.0	0.0	0.0
20	2	1	0.0	0.0	0.0	0.0	0.0	0.0	0.0	0.0	0.0	0.0	0.0	0.0	0.0	0.0	0.0	0.0	0.0	0.0	0.0	0.0
20	2	2	0.0	0.0	0.0	0.0	0.0	0.0	0.0	0.0	0.0	0.0	0.0	0.0	0.0	0.0	0.0	0.0	0.0	0.0	0.0	0.0
21	2	1	0.0	0.2	0.2	0.2	0.2	0.2	0.2	0.2	0.2	0.2	0.2	0.2	0.2	0.2	0.2	0.2	0.2	0.2	0.2	0.2
21	2	2	0.0	0.808	0.808	0.808	0.808	0.808	0.808	0.808	0.808	0.808	0.808	0.808	0.808	0.808	0.808	0.808	0.808	0.808	0.808	0.808
22	2	1	0.0	0.0	0.2	0.2	0.2	0.2	0.2	0.2	0.2	0.2	0.2	0.2	0.2	0.2	0.2	0.2	0.2	0.2	0.2	0.4
22	2	2	0.0	0.0	0.6868686868686869	0.6868686868686869	0.6868686868686869	0.6868686868686869	0.6868686868686869	0.6868686868686869	0.6868686868686869	0.6868686868686869	0.6868686868686869	0.6868686868686869	0.6868686868686869	0.6868686868686869	0.6868686868686869	0.6868686868686869	0.6868686868686869	0.6868686868686869	0.6868686868686869	0.8282828282828283
23	2	1	0.0	0.0	0.0	0.0	0.0	0.0	0.0	0.0	0.0	0.0	0.0	0.0	0.0	0.0	0.0	0.0	0.0	0.0	0.0	0.0
23	2	2	0.0	0.0	0.0	0.0	0.0	0.0	0.0	0.0	0.0	0.0	0.0	0.0	0.0	0.0	0.0	0.0	0.0	0.0	0.0	0.0
24	2	1	0.0	0.0	0.0	0.0	0.5	0.5	0.5	0.5	0.5	0.5	0.5	0.5	0.5	0.5	0.5	0.5	0.5	0.5	0.5	0.5
24	2	2	0.0	0.0	0.0	0.0	0.6194029850746269	0.6194029850746269	0.6194029850746269	0.6194029850746269	0.6194029850746269	0.6194029850746269	0.6194029850746269	0.6194029850746269	0.6194029850746269	0.6194029850746269	0.6194029850746269	0.6194029850746269	0.6194029850746269	0.6194029850746269	0.6194029850746269	0.6194029850746269
25	2	1	0.0	0.0	0.0	0.0	0.0	0.0	0.0	0.0	0.0	0.0	0.0	0.0	0.0	0.0	0.25	0.25	0.25	0.25	0.25	0.25
25	2	2	0.0	0.0	0.0	0.0	0.0	0.0	0.0	0.0	0.0	0.0	0.0	0.0	0.0	0.0	0.9583333333333334	0.9583333333333334	0.9583333333333334	0.9583333333333334	0.9583333333333334	0.9583333333333334
26	2	1	0.5	0.5	0.5	0.5	0.5	0.5	0.5	0.5	0.5	0.5	0.75	0.75	0.75	0.75	0.75	0.75	0.75	0.75	0.75	0.75
26	2	2	0.7876543209876543	0.7876543209876543	0.7876543209876543	0.7876543209876543	0.7876543209876543	0.7876543209876543	0.7876543209876543	0.7876543209876543	0.7876543209876543	0.7876543209876543	0.9086419753086419	0.9086419753086419	0.9086419753086419	0.9086419753086419	0.9086419753086419	0.9086419753086419	0.9086419753086419	0.9086419753086419	0.9086419753086419	0.9086419753086419
27	2	1	0.0	0.0	0.0	0.16666666666666666	0.16666666666666666	0.16666666666666666	0.16666666666666666	0.16666666666666666	0.16666666666666666	0.16666666666666666	0.16666666666666666	0.16666666666666666	0.16666666666666666	0.16666666666666666	0.16666666666666666	0.16666666666666666	0.16666666666666666	0.16666666666666666	0.16666666666666666	0.16666666666666666
27	2	2	0.0	0.0	0.0	0.7608695652173914	0.7608695652173914	0.7608695652173914	0.7608695652173914	0.7608695652173914	0.7608695652173914	0.7608695652173914	0.7608695652173914	0.7608695652173914	0.7608695652173914	0.7608695652173914	0.7608695652173914	0.7608695652173914	0.7608695652173914	0.7608695652173914	0.7608695652173914	0.7608695652173914
28	2	1	0.2	0.2	0.2	0.2	0.2	0.2	0.2	0.2	0.2	0.2	0.4	0.4	0.4	0.4	0.4	0.4	0.4	0.4	0.4	0.6
28	2	2	0.3308270676691729	0.3308270676691729	0.3308270676691729	0.3308270676691729	0.3308270676691729	0.3308270676691729	0.3308270676691729	0.3308270676691729	0.3308270676691729	0.3308270676691729	0.42857142857142855	0.42857142857142855	0.42857142857142855	0.42857142857142855	0.42857142857142855	0.42857142857142855	0.42857142857142855	0.42857142857142855	0.42857142857142855	0.744360902255639
29	2	1	0.0	0.0	0.0	0.0	0.0	0.0	0.0	0.0	0.0	0.0	0.0	0.0	0.0	0.0	0.0	0.0	0.0	0.0	0.0	0.0
29	2	2	0.0	0.0	0.0	0.0	0.0	0.0	0.0	0.0	0.0	0.0	0.0	0.0	0.0	0.0	0.0	0.0	0.0	0.0	0.0	0.0
30	2	1	0.0	0.0	0.0	0.16666666666666666	0.16666666666666666	0.16666666666666666	0.16666666666666666	0.16666666666666666	0.3333333333333333	0.3333333333333333	0.3333333333333333	0.3333333333333333	0.3333333333333333	0.3333333333333333	0.3333333333333333	0.3333333333333333	0.3333333333333333	0.3333333333333333	0.3333333333333333	0.3333333333333333
30	2	2	0.0	0.0	0.0	0.2222222222222222	0.2222222222222222	0.2222222222222222	0.2222222222222222	0.2222222222222222	0.3611111111111111	0.3611111111111111	0.3611111111111111	0.3611111111111111	0.3611111111111111	0.3611111111111111	0.3611111111111111	0.3611111111111111	0.3611111111111111	0.3611111111111111	0.3611111111111111	0.3611111111111111
31	2	1	0.0	0.0	0.5	0.5	0.5	0.5	0.5	0.5	0.5	0.5	0.5	0.5	0.5	0.5	0.5	0.5	0.5	0.5	0.5	0.5
31	2	2	0.0	0.0	0.91156462585034	0.91156462585034	0.91156462585034	0.91156462585034	0.91156462585034	0.91156462585034	0.91156462585034	0.91156462585034	0.91156462585034	0.91156462585034	0.91156462585034	0.91156462585034	0.91156462585034	0.91156462585034	0.91156462585034	0.91156462585034	0.91156462585034	0.91156462585034
32	2	1	0.0	0.0	0.4	0.4	0.4	0.4	0.4	0.4	0.4	0.4	0.4	0.4	0.4	0.4	0.4	0.4	0.4	0.4	0.4	0.4
32	2	2	0.0	0.0	0.9668874172185431	0.9668874172185431	0.9668874172185431	0.9668874172185431	0.9668874172185431	0.9668874172185431	0.9668874172185431	0.9668874172185431	0.9668874172185431	0.9668874172185431	0.9668874172185431	0.9668874172185431	0.9668874172185431	0.9668874172185431	0.9668874172185431	0.9668874172185431	0.9668874172185431	0.9668874172185431
33	2	1	0.0	0.25	0.25	0.25	0.25	0.25	0.25	0.25	0.25	0.25	0.5	0.5	0.5	0.5	0.5	0.5	0.5	0.5	0.5	0.5
33	2	2	0.0	0.3782051282051282	0.3782051282051282	0.3782051282051282	0.3782051282051282	0.3782051282051282	0.3782051282051282	0.3782051282051282	0.3782051282051282	0.3782051282051282	0.782051282051282	0.782051282051282	0.782051282051282	0.782051282051282	0.782051282051282	0.782051282051282	0.782051282051282	0.782051282051282	0.782051282051282	0.782051282051282
34	2	1	0.0	0.0	0.0	0.0	0.0	0.0	0.0	0.0	0.0	0.0	0.0	0.0	0.0	0.0	0.0	0.0	0.0	0.0	0.0	0.0
34	2	2	0.0	0.0	0.0	0.0	0.0	0.0	0.0	0.0	0.0	0.0	0.0	0.0	0.0	0.0	0.0	0.0	0.0	0.0	0.0	0.0
35	2	1	0.0	0.0	0.0	0.0	0.0	0.0	0.0	0.0	0.0	0.0	0.0	0.0	0.0	0.0	0.0	0.0	0.0	0.0	0.0	0.0
35	2	2	0.0	0.0	0.0	0.0	0.0	0.0	0.0	0.0	0.0	0.0	0.0	0.0	0.0	0.0	0.0	0.0	0.0	0.0	0.0	0.0
36	2	1	0.0	0.0	0.0	0.0	0.0	0.0	0.0	0.0	0.0	0.0	0.0	0.25	0.25	0.25	0.25	0.25	0.25	0.25	0.25	0.25
36	2	2	0.0	0.0	0.0	0.0	0.0	0.0	0.0	0.0	0.0	0.0	0.0	0.9795918367346939	0.9795918367346939	0.9795918367346939	0.9795918367346939	0.9795918367346939	0.9795918367346939	0.9795918367346939	0.9795918367346939	0.9795918367346939
37	2	1	0.0	0.0	0.0	0.2	0.2	0.2	0.4	0.4	0.4	0.4	0.4	0.4	0.4	0.4	0.4	0.4	0.4	0.4	0.4	0.4
37	2	2	0.0	0.0	0.0	0.4909090909090909	0.4909090909090909	0.4909090909090909	0.8909090909090909	0.8909090909090909	0.8909090909090909	0.8909090909090909	0.8909090909090909	0.8909090909090909	0.8909090909090909	0.8909090909090909	0.8909090909090909	0.8909090909090909	0.8909090909090909	0.8909090909090909	0.8909090909090909	0.8909090909090909
38	2	1	0.0	0.0	0.0	0.0	0.0	0.0	0.0	0.0	0.0	0.0	0.0	0.0	0.0	0.0	0.0	0.0	0.0	0.0	0.0	0.0
38	2	2	0.0	0.0	0.0	0.0	0.0	0.0	0.0	0.0	0.0	0.0	0.0	0.0	0.0	0.0	0.0	0.0	0.0	0.0	0.0	0.0
39	2	1	0.0	0.0	0.0	0.0	0.0	0.0	0.25	0.25	0.25	0.25	0.25	0.5	0.5	0.5	0.5	0.5	0.5	0.5	0.5	0.5
39	2	2	0.0	0.0	0.0	0.0	0.0	0.0	0.7142857142857143	0.7142857142857143	0.7142857142857143	0.7142857142857143	0.7142857142857143	0.8035714285714286	0.8035714285714286	0.8035714285714286	0.8035714285714286	0.8035714285714286	0.8035714285714286	0.8035714285714286	0.8035714285714286	0.8035714285714286
40	2	1	0.0	0.0	0.0	0.0	0.25	0.25	0.25	0.25	0.25	0.25	0.25	0.25	0.25	0.25	0.25	0.25	0.25	0.25	0.25	0.25
40	2	2	0.0	0.0	0.0	0.0	0.9041095890410958	0.9041095890410958	0.9041095890410958	0.9041095890410958	0.9041095890410958	0.9041095890410958	0.9041095890410958	0.9041095890410958	0.9041095890410958	0.9041095890410958	0.9041095890410958	0.9041095890410958	0.9041095890410958	0.9041095890410958	0.9041095890410958	0.9041095890410958
41	2	1	0.0	0.0	0.0	0.25	0.25	0.5	0.5	0.5	0.5	0.5	0.5	0.5	0.5	0.5	0.5	0.5	0.5	0.5	0.5	0.5
41	2	2	0.0	0.0	0.0	0.6	0.6	0.9666666666666666	0.9666666666666666	0.9666666666666666	0.9666666666666666	0.9666666666666666	0.9666666666666666	0.9666666666666666	0.9666666666666666	0.9666666666666666	0.9666666666666666	0.9666666666666666	0.9666666666666666	0.9666666666666666	0.9666666666666666	0.9666666666666666
42	2	1	0.0	0.0	0.0	0.0	0.0	0.0	0.0	0.0	0.0	0.0	0.0	0.0	0.0	0.0	0.0	0.0	0.0	0.0	0.0	0.0
42	2	2	0.0	0.0	0.0	0.0	0.0	0.0	0.0	0.0	0.0	0.0	0.0	0.0	0.0	0.0	0.0	0.0	0.0	0.0	0.0	0.0
43	2	1	0.0	0.0	0.0	0.0	0.0	0.0	0.0	0.0	0.0	0.0	0.0	0.0	0.0	0.0	0.0	0.0	0.0	0.0	0.0	0.0
43	2	2	0.0	0.0	0.0	0.0	0.0	0.0	0.0	0.0	0.0	0.0	0.0	0.0	0.0	0.0	0.0	0.0	0.0	0.0	0.0	0.0
44	2	1	0.0	0.0	0.16666666666666666	0.16666666666666666	0.16666666666666666	0.3333333333333333	0.3333333333333333	0.3333333333333333	0.3333333333333333	0.3333333333333333	0.3333333333333333	0.3333333333333333	0.3333333333333333	0.3333333333333333	0.3333333333333333	0.3333333333333333	0.3333333333333333	0.3333333333333333	0.3333333333333333	0.3333333333333333
44	2	2	0.0	0.0	0.5882352941176471	0.5882352941176471	0.5882352941176471	0.9941176470588236	0.9941176470588236	0.9941176470588236	0.9941176470588236	0.9941176470588236	0.9941176470588236	0.9941176470588236	0.9941176470588236	0.9941176470588236	0.9941176470588236	0.9941176470588236	0.9941176470588236	0.9941176470588236	0.9941176470588236	0.9941176470588236
45	2	1	0.3333333333333333	0.3333333333333333	0.3333333333333333	0.3333333333333333	0.3333333333333333	0.6666666666666666	0.6666666666666666	0.6666666666666666	0.6666666666666666	0.6666666666666666	0.6666666666666666	0.6666666666666666	0.6666666666666666	0.6666666666666666	0.6666666666666666	0.6666666666666666	0.6666666666666666	0.6666666666666666	1.0	1.0
45	2	2	0.3181818181818182	0.3181818181818182	0.3181818181818182	0.3181818181818182	0.3181818181818182	0.9545454545454546	0.9545454545454546	0.9545454545454546	0.9545454545454546	0.9545454545454546	0.9545454545454546	0.9545454545454546	0.9545454545454546	0.9545454545454546	0.9545454545454546	0.9545454545454546	0.9545454545454546	0.9545454545454546	1.0	1.0
46	2	1	0.5	0.5	0.5	1.0	1.0	1.0	1.0	1.0	1.0	1.0	1.0	1.0	1.0	1.0	1.0	1.0	1.0	1.0	1.0	1.0
46	2	2	0.7213114754098361	0.7213114754098361	0.7213114754098361	1.0	1.0	1.0	1.0	1.0	1.0	1.0	1.0	1.0	1.0	1.0	1.0	1.0	1.0	1.0	1.0	1.0
47	2	1	0.0	0.0	0.0	0.2	0.2	0.2	0.2	0.2	0.2	0.2	0.2	0.2	0.2	0.2	0.2	0.2	0.2	0.2	0.2	0.2
47	2	2	0.0	0.0	0.0	0.7777777777777778	0.7777777777777778	0.7777777777777778	0.7777777777777778	0.7777777777777778	0.7777777777777778	0.7777777777777778	0.7777777777777778	0.7777777777777778	0.7777777777777778	0.7777777777777778	0.7777777777777778	0.7777777777777778	0.7777777777777778	0.7777777777777778	0.7777777777777778	0.7777777777777778
48	2	1	0.0	0.0	0.0	0.0	0.0	0.16666666666666666	0.16666666666666666	0.16666666666666666	0.16666666666666666	0.16666666666666666	0.16666666666666666	0.3333333333333333	0.3333333333333333	0.3333333333333333	0.3333333333333333	0.3333333333333333	0.3333333333333333	0.3333333333333333	0.3333333333333333	0.3333333333333333
48	2	2	0.0	0.0	0.0	0.0	0.0	0.6176470588235294	0.6176470588235294	0.6176470588235294	0.6176470588235294	0.6176470588235294	0.6176470588235294	0.7058823529411765	0.7058823529411765	0.7058823529411765	0.7058823529411765	0.7058823529411765	0.7058823529411765	0.7058823529411765	0.7058823529411765	0.7058823529411765
49	2	1	0.0	0.3333333333333333	1.0	1.0	1.0	1.0	1.0	1.0	1.0	1.0	1.0	1.0	1.0	1.0	1.0	1.0	1.0	1.0	1.0	1.0
49	2	2	0.0	0.46551724137931033	1.0	1.0	1.0	1.0	1.0	1.0	1.0	1.0	1.0	1.0	1.0	1.0	1.0	1.0	1.0	1.0	1.0	1.0
1	3	1	0.0	0.6666666666666666	0.6666666666666666	0.6666666666666666	0.6666666666666666	0.6666666666666666	0.6666666666666666	0.6666666666666666	0.6666666666666666	0.6666666666666666	0.6666666666666666	0.6666666666666666	1.0	1.0	1.0	1.0	1.0	1.0	1.0	1.0
1	3	2	0.0	0.9877300613496933	0.9877300613496933	0.9877300613496933	0.9877300613496933	0.9877300613496933	0.9877300613496933	0.9877300613496933	0.9877300613496933	0.9877300613496933	0.9877300613496933	0.9877300613496933	1.0	1.0	1.0	1.0	1.0	1.0	1.0	1.0
2	3	1	0.0	0.0	0.0	0.0	0.0	0.0	0.0	0.0	0.0	0.0	0.0	0.0	0.0	0.0	0.0	0.0	0.0	0.0	0.0	0.0
2	3	2	0.0	0.0	0.0	0.0	0.0	0.0	0.0	0.0	0.0	0.0	0.0	0.0	0.0	0.0	0.0	0.0	0.0	0.0	0.0	0.0
3	3	1	0.0	0.0	0.0	0.3333333333333333	0.3333333333333333	0.3333333333333333	0.3333333333333333	0.3333333333333333	0.3333333333333333	0.3333333333333333	0.3333333333333333	0.3333333333333333	0.3333333333333333	0.3333333333333333	0.3333333333333333	0.6666666666666666	0.6666666666666666	0.6666666666666666	0.6666666666666666	0.6666666666666666
3	3	2	0.0	0.0	0.0	0.8041958041958042	0.8041958041958042	0.8041958041958042	0.8041958041958042	0.8041958041958042	0.8041958041958042	0.8041958041958042	0.8041958041958042	0.8041958041958042	0.8041958041958042	0.8041958041958042	0.8041958041958042	0.9930069930069929	0.9930069930069929	0.9930069930069929	0.9930069930069929	0.9930069930069929
4	3	1	0.0	0.0	0.0	0.0	0.0	0.16666666666666666	0.16666666666666666	0.16666666666666666	0.16666666666666666	0.16666666666666666	0.16666666666666666	0.16666666666666666	0.16666666666666666	0.16666666666666666	0.16666666666666666	0.16666666666666666	0.16666666666666666	0.16666666666666666	0.16666666666666666	0.16666666666666666
4	3	2	0.0	0.0	0.0	0.0	0.0	0.26666666666666666	0.26666666666666666	0.26666666666666666	0.26666666666666666	0.26666666666666666	0.26666666666666666	0.26666666666666666	0.26666666666666666	0.26666666666666666	0.26666666666666666	0.26666666666666666	0.26666666666666666	0.26666666666666666	0.26666666666666666	0.26666666666666666
5	3	1	0.0	0.0	0.0	0.0	0.0	0.0	0.0	0.0	0.0	0.0	0.0	0.0	0.0	0.0	0.0	0.0	0.0	0.0	0.0	0.0
5	3	2	0.0	0.0	0.0	0.0	0.0	0.0	0.0	0.0	0.0	0.0	0.0	0.0	0.0	0.0	0.0	0.0	0.0	0.0	0.0	0.0
6	3	1	0.0	0.0	0.0	0.0	0.0	0.0	0.0	0.0	0.0	0.0	0.0	0.0	0.0	0.0	0.0	0.0	0.0	0.0	0.0	0.0
6	3	2	0.0	0.0	0.0	0.0	0.0	0.0	0.0	0.0	0.0	0.0	0.0	0.0	0.0	0.0	0.0	0.0	0.0	0.0	0.0	0.0
7	3	1	0.0	0.0	0.0	0.0	0.0	0.0	0.0	0.0	0.0	0.0	0.0	0.0	0.0	0.0	0.0	0.0	0.0	0.0	0.0	0.0
7	3	2	0.0	0.0	0.0	0.0	0.0	0.0	0.0	0.0	0.0	0.0	0.0	0.0	0.0	0.0	0.0	0.0	0.0	0.0	0.0	0.0
8	3	1	0.0	0.25	0.25	0.25	0.25	0.25	0.25	0.5	0.5	0.5	0.5	0.5	0.5	0.5	0.5	0.5	0.5	0.5	0.5	0.5
8	3	2	0.0	0.6423841059602649	0.6423841059602649	0.6423841059602649	0.6423841059602649	0.6423841059602649	0.6423841059602649	0.933774834437086	0.933774834437086	0.933774834437086	0.933774834437086	0.933774834437086	0.933774834437086	0.933774834437086	0.933774834437086	0.933774834437086	0.933774834437086	0.933774834437086	0.933774834437086	0.933774834437086
9	3	1	0.0	0.0	0.0	0.0	0.0	0.0	0.0	0.0	0.0	0.0	0.16666666666666666	0.16666666666666666	0.16666666666666666	0.16666666666666666	0.16666666666666666	0.16666666666666666	0.16666666666666666	0.16666666666666666	0.16666666666666666	0.16666666666666666
9	3	2	0.0	0.0	0.0	0.0	0.0	0.0	0.0	0.0	0.0	0.0	0.7647058823529411	0.7647058823529411	0.7647058823529411	0.7647058823529411	0.7647058823529411	0.7647058823529411	0.7647058823529411	0.7647058823529411	0.7647058823529411	0.7647058823529411
10	3	1	0.0	0.0	0.0	0.0	0.0	0.0	0.0	0.0	0.0	0.0	0.0	0.0	0.0	0.0	0.42857142857142855	0.42857142857142855	0.42857142857142855	0.42857142857142855	0.42857142857142855	0.42857142857142855
10	3	2	0.0	0.0	0.0	0.0	0.0	0.0	0.0	0.0	0.0	0.0	0.0	0.0	0.0	0.0	0.9558823529411764	0.9558823529411764	0.9558823529411764	0.9558823529411764	0.9558823529411764	0.9558823529411764
11	3	1	0.16666666666666666	0.16666666666666666	0.16666666666666666	0.16666666666666666	0.16666666666666666	0.16666666666666666	0.16666666666666666	0.16666666666666666	0.16666666666666666	0.16666666666666666	0.16666666666666666	0.16666666666666666	0.16666666666666666	0.16666666666666666	0.3333333333333333	0.3333333333333333	0.3333333333333333	0.6666666666666666	0.6666666666666666	0.6666666666666666
11	3	2	0.8446601941747572	0.8446601941747572	0.8446601941747572	0.8446601941747572	0.8446601941747572	0.8446601941747572	0.8446601941747572	0.8446601941747572	0.8446601941747572	0.8446601941747572	0.8446601941747572	0.8446601941747572	0.8446601941747572	0.8446601941747572	0.9029126213592232	0.9029126213592232	0.9029126213592232	0.977346278317152	0.977346278317152	0.977346278317152
12	3	1	0.0	0.5	0.5	0.5	0.5	0.5	0.5	0.5	0.5	0.5	0.5	0.5	0.5	0.5	0.5	0.5	0.5	0.5	0.5	0.5
12	3	2	0.0	0.9706959706959707	0.9706959706959707	0.9706959706959707	0.9706959706959707	0.9706959706959707	0.9706959706959707	0.9706959706959707	0.9706959706959707	0.9706959706959707	0.9706959706959707	0.9706959706959707	0.9706959706959707	0.9706959706959707	0.9706959706959707	0.9706959706959707	0.9706959706959707	0.9706959706959707	0.9706959706959707	0.9706959706959707
13	3	1	0.0	0.0	0.0	0.0	0.0	0.0	0.0	0.0	0.0	0.0	0.0	0.0	0.0	0.0	0.0	0.0	0.0	0.0	0.0	0.0
13	3	2	0.0	0.0	0.0	0.0	0.0	0.0	0.0	0.0	0.0	0.0	0.0	0.0	0.0	0.0	0.0	0.0	0.0	0.0	0.0	0.0
14	3	1	0.5	0.5	0.5	0.5	0.5	0.5	0.5	0.5	0.5	0.5	0.5	0.5	0.5	0.5	0.5	0.5	0.5	0.5	0.5	0.5
14	3	2	0.9657534246575342	0.9657534246575342	0.9657534246575342	0.9657534246575342	0.9657534246575342	0.9657534246575342	0.9657534246575342	0.9657534246575342	0.9657534246575342	0.9657534246575342	0.9657534246575342	0.9657534246575342	0.9657534246575342	0.9657534246575342	0.9657534246575342	0.9657534246575342	0.9657534246575342	0.9657534246575342	0.9657534246575342	0.9657534246575342
15	3	1	0.0	0.0	0.0	0.0	0.0	0.0	0.0	0.0	0.0	0.0	0.0	0.0	0.0	0.0	0.0	0.0	0.0	0.0	0.0	0.0
15	3	2	0.0	0.0	0.0	0.0	0.0	0.0	0.0	0.0	0.0	0.0	0.0	0.0	0.0	0.0	0.0	0.0	0.0	0.0	0.0	0.0
16	3	1	0.25	0.25	0.25	0.25	0.25	0.25	0.25	0.25	0.25	0.25	0.25	0.25	0.25	0.25	0.25	0.25	0.25	0.25	0.25	0.25
16	3	2	0.23529411764705882	0.23529411764705882	0.23529411764705882	0.23529411764705882	0.23529411764705882	0.23529411764705882	0.23529411764705882	0.23529411764705882	0.23529411764705882	0.23529411764705882	0.23529411764705882	0.23529411764705882	0.23529411764705882	0.23529411764705882	0.23529411764705882	0.23529411764705882	0.23529411764705882	0.23529411764705882	0.23529411764705882	0.23529411764705882
17	3	1	0.0	0.0	0.16666666666666666	0.16666666666666666	0.16666666666666666	0.16666666666666666	0.16666666666666666	0.16666666666666666	0.16666666666666666	0.16666666666666666	0.16666666666666666	0.16666666666666666	0.16666666666666666	0.16666666666666666	0.16666666666666666	0.16666666666666666	0.16666666666666666	0.16666666666666666	0.16666666666666666	0.16666666666666666
17	3	2	0.0	0.0	0.05813953488372093	0.05813953488372093	0.05813953488372093	0.05813953488372093	0.05813953488372093	0.05813953488372093	0.05813953488372093	0.05813953488372093	0.05813953488372093	0.05813953488372093	0.05813953488372093	0.05813953488372093	0.05813953488372093	0.05813953488372093	0.05813953488372093	0.05813953488372093	0.05813953488372093	0.05813953488372093
18	3	1	0.8	0.8	0.8	0.8	0.8	0.8	0.8	0.8	0.8	0.8	0.8	0.8	0.8	0.8	0.8	0.8	0.8	0.8	0.8	0.8
18	3	2	0.98	0.98	0.98	0.98	0.98	0.98	0.98	0.98	0.98	0.98	0.98	0.98	0.98	0.98	0.98	0.98	0.98	0.98	0.98	0.98
19	3	1	0.0	0.0	0.0	0.0	0.0	0.0	0.0	0.0	0.0	0.0	0.0	0.0	0.0	0.0	0.0	0.0	0.0	0.0	0.0	0.0
19	3	2	0.0	0.0	0.0	0.0	0.0	0.0	0.0	0.0	0.0	0.0	0.0	0.0	0.0	0.0	0.0	0.0	0.0	0.0	0.0	0.0
20	3	1	0.0	0.0	0.0	0.0	0.0	0.0	0.0	0.0	0.0	0.0	0.0	0.0	0.0	0.0	0.0	0.0	0.0	0.0	0.0	0.0
20	3	2	0.0	0.0	0.0	0.0	0.0	0.0	0.0	0.0	0.0	0.0	0.0	0.0	0.0	0.0	0.0	0.0	0.0	0.0	0.0	0.0
21	3	1	0.0	0.2	0.2	0.2	0.4	0.4	0.4	0.4	0.4	0.4	0.4	0.4	0.4	0.4	0.4	0.4	0.4	0.4	0.4	0.4
21	3	2	0.0	0.808	0.808	0.808	0.92	0.92	0.92	0.92	0.92	0.92	0.92	0.92	0.92	0.92	0.92	0.92	0.92	0.92	0.92	0.92
22	3	1	0.0	0.0	0.0	0.2	0.2	0.2	0.2	0.2	0.2	0.2	0.2	0.2	0.2	0.2	0.2	0.2	0.2	0.2	0.2	0.2
22	3	2	0.0	0.0	0.0	0.6868686868686869	0.6868686868686869	0.6868686868686869	0.6868686868686869	0.6868686868686869	0.6868686868686869	0.6868686868686869	0.6868686868686869	0.6868686868686869	0.6868686868686869	0.6868686868686869	0.6868686868686869	0.6868686868686869	0.6868686868686869	0.6868686868686869	0.6868686868686869	0.6868686868686869
23	3	1	0.0	0.0	0.0	0.0	0.0	0.0	0.0	0.0	0.0	0.0	0.0	0.0	0.0	0.0	0.0	0.0	0.0	0.0	0.0	0.0
23	3	2	0.0	0.0	0.0	0.0	0.0	0.0	0.0	0.0	0.0	0.0	0.0	0.0	0.0	0.0	0.0	0.0	0.0	0.0	0.0	0.0
24	3	1	0.0	0.0	0.0	0.0	0.0	0.0	0.0	0.25	0.25	0.5	0.5	0.5	0.5	0.5	0.5	0.5	0.5	0.5	0.5	0.5
24	3	2	0.0	0.0	0.0	0.0	0.0	0.0	0.0	0.5298507462686567	0.5298507462686567	0.6194029850746269	0.6194029850746269	0.6194029850746269	0.6194029850746269	0.6194029850746269	0.6194029850746269	0.6194029850746269	0.6194029850746269	0.6194029850746269	0.6194029850746269	0.6194029850746269
25	3	1	0.0	0.0	0.0	0.0	0.0	0.25	0.25	0.25	0.25	0.25	0.25	0.25	0.25	0.25	0.25	0.25	0.25	0.25	0.25	0.25
25	3	2	0.0	0.0	0.0	0.0	0.0	0.9583333333333334	0.9583333333333334	0.9583333333333334	0.9583333333333334	0.9583333333333334	0.9583333333333334	0.9583333333333334	0.9583333333333334	0.9583333333333334	0.9583333333333334	0.9583333333333334	0.9583333333333334	0.9583333333333334	0.9583333333333334	0.9583333333333334
26	3	1	0.5	0.5	0.5	0.5	0.5	0.5	0.5	0.5	0.5	0.5	0.5	0.5	0.5	0.5	0.5	0.5	0.5	0.5	0.5	0.75
26	3	2	0.7876543209876543	0.7876543209876543	0.7876543209876543	0.7876543209876543	0.7876543209876543	0.7876543209876543	0.7876543209876543	0.7876543209876543	0.7876543209876543	0.7876543209876543	0.7876543209876543	0.7876543209876543	0.7876543209876543	0.7876543209876543	0.7876543209876543	0.7876543209876543	0.7876543209876543	0.7876543209876543	0.7876543209876543	0.9086419753086419
27	3	1	0.0	0.0	0.0	0.16666666666666666	0.16666666666666666	0.16666666666666666	0.16666666666666666	0.16666666666666666	0.16666666666666666	0.16666666666666666	0.16666666666666666	0.16666666666666666	0.16666666666666666	0.16666666666666666	0.16666666666666666	0.16666666666666666	0.16666666666666666	0.16666666666666666	0.16666666666666666	0.16666666666666666
27	3	2	0.0	0.0	0.0	0.7608695652173914	0.7608695652173914	0.7608695652173914	0.7608695652173914	0.7608695652173914	0.7608695652173914	0.7608695652173914	0.7608695652173914	0.7608695652173914	0.7608695652173914	0.7608695652173914	0.7608695652173914	0.7608695652173914	0.7608695652173914	0.7608695652173914	0.7608695652173914	0.7608695652173914
28	3	1	0.2	0.2	0.2	0.2	0.2	0.2	0.2	0.2	0.2	0.4	0.4	0.4	0.4	0.4	0.4	0.4	0.4	0.4	0.6	0.6
28	3	2	0.3308270676691729	0.3308270676691729	0.3308270676691729	0.3308270676691729	0.3308270676691729	0.3308270676691729	0.3308270676691729	0.3308270676691729	0.3308270676691729	0.42105263157894735	0.42105263157894735	0.42105263157894735	0.42105263157894735	0.42105263157894735	0.42105263157894735	0.42105263157894735	0.42105263157894735	0.42105263157894735	0.518796992481203	0.518796992481203
29	3	1	0.0	0.0	0.0	0.0	0.0	0.0	0.0	0.0	0.0	0.0	0.0	0.0	0.0	0.0	0.0	0.0	0.0	0.0	0.0	0.0
29	3	2	0.0	0.0	0.0	0.0	0.0	0.0	0.0	0.0	0.0	0.0	0.0	0.0	0.0	0.0	0.0	0.0	0.0	0.0	0.0	0.0
30	3	1	0.0	0.0	0.0	0.0	0.0	0.0	0.0	0.0	0.0	0.16666666666666666	0.16666666666666666	0.16666666666666666	0.16666666666666666	0.16666666666666666	0.16666666666666666	0.16666666666666666	0.16666666666666666	0.16666666666666666	0.16666666666666666	0.16666666666666666
30	3	2	0.0	0.0	0.0	0.0	0.0	0.0	0.0	0.0	0.0	0.2222222222222222	0.2222222222222222	0.2222222222222222	0.2222222222222222	0.2222222222222222	0.2222222222222222	0.2222222222222222	0.2222222222222222	0.2222222222222222	0.2222222222222222	0.2222222222222222
31	3	1	0.0	0.0	0.0	0.25	0.25	0.25	0.25	0.25	0.25	0.25	0.25	0.25	0.5	0.5	0.5	0.5	0.5	0.5	0.5	0.5
31	3	2	0.0	0.0	0.0	0.5782312925170068	0.5782312925170068	0.5782312925170068	0.5782312925170068	0.5782312925170068	0.5782312925170068	0.5782312925170068	0.5782312925170068	0.5782312925170068	0.91156462585034	0.91156462585034	0.91156462585034	0.91156462585034	0.91156462585034	0.91156462585034	0.91156462585034	0.91156462585034
32	3	1	0.0	0.0	0.4	0.4	0.4	0.4	0.4	0.4	0.4	0.4	0.4	0.4	0.4	0.4	0.4	0.4	0.4	0.4	0.4	0.4
32	3	2	0.0	0.0	0.9668874172185431	0.9668874172185431	0.9668874172185431	0.9668874172185431	0.9668874172185431	0.9668874172185431	0.9668874172185431	0.9668874172185431	0.9668874172185431	0.9668874172185431	0.9668874172185431	0.9668874172185431	0.9668874172185431	0.9668874172185431	0.9668874172185431	0.9668874172185431	0.9668874172185431	0.9668874172185431
33	3	1	0.0	0.25	0.25	0.5	0.5	0.5	0.5	0.5	0.5	0.5	0.5	0.5	0.5	0.5	0.5	0.5	0.5	0.5	0.5	0.5
33	3	2	0.0	0.3782051282051282	0.3782051282051282	0.782051282051282	0.782051282051282	0.782051282051282	0.782051282051282	0.782051282051282	0.782051282051282	0.782051282051282	0.782051282051282	0.782051282051282	0.782051282051282	0.782051282051282	0.782051282051282	0.782051282051282	0.782051282051282	0.782051282051282	0.782051282051282	0.782051282051282
34	3	1	0.0	0.0	0.0	0.0	0.0	0.0	0.0	0.0	0.0	0.0	0.0	0.0	0.0	0.125	0.125	0.125	0.125	0.125	0.125	0.125
34	3	2	0.0	0.0	0.0	0.0	0.0	0.0	0.0	0.0	0.0	0.0	0.0	0.0	0.0	0.3170731707317073	0.3170731707317073	0.3170731707317073	0.3170731707317073	0.3170731707317073	0.3170731707317073	0.3170731707317073
35	3	1	0.0	0.0	0.0	0.0	0.0	0.0	0.0	0.0	0.0	0.0	0.0	0.0	0.0	0.16666666666666666	0.16666666666666666	0.16666666666666666	0.16666666666666666	0.16666666666666666	0.16666666666666666	0.16666666666666666
35	3	2	0.0	0.0	0.0	0.0	0.0	0.0	0.0	0.0	0.0	0.0	0.0	0.0	0.0	0.028985507246376812	0.028985507246376812	0.028985507246376812	0.028985507246376812	0.028985507246376812	0.028985507246376812	0.028985507246376812
36	3	1	0.0	0.0	0.0	0.0	0.0	0.0	0.0	0.0	0.0	0.0	0.0	0.0	0.0	0.0	0.25	0.25	0.25	0.25	0.25	0.25
36	3	2	0.0	0.0	0.0	0.0	0.0	0.0	0.0	0.0	0.0	0.0	0.0	0.0	0.0	0.0	0.9795918367346939	0.9795918367346939	0.9795918367346939	0.9795918367346939	0.9795918367346939	0.9795918367346939
37	3	1	0.0	0.0	0.0	0.0	0.2	0.2	0.2	0.2	0.2	0.2	0.2	0.2	0.2	0.2	0.2	0.2	0.2	0.2	0.6	0.6
37	3	2	0.0	0.0	0.0	0.0	0.4909090909090909	0.4909090909090909	0.4909090909090909	0.4909090909090909	0.4909090909090909	0.4909090909090909	0.4909090909090909	0.4909090909090909	0.4909090909090909	0.4909090909090909	0.4909090909090909	0.4909090909090909	0.4909090909090909	0.4909090909090909	0.6	0.6
38	3	1	0.0	0.0	0.0	0.0	0.0	0.0	0.0	0.0	0.0	0.0	0.0	0.0	0.0	0.0	0.0	0.0	0.0	0.0	0.0	0.0
38	3	2	0.0	0.0	0.0	0.0	0.0	0.0	0.0	0.0	0.0	0.0	0.0	0.0	0.0	0.0	0.0	0.0	0.0	0.0	0.0	0.0
39	3	1	0.0	0.0	0.0	0.0	0.0	0.0	0.0	0.0	0.25	0.25	0.25	0.25	0.25	0.25	0.25	0.25	0.25	0.25	0.25	0.25
39	3	2	0.0	0.0	0.0	0.0	0.0	0.0	0.0	0.0	0.7142857142857143	0.7142857142857143	0.7142857142857143	0.7142857142857143	0.7142857142857143	0.7142857142857143	0.7142857142857143	0.7142857142857143	0.7142857142857143	0.7142857142857143	0.7142857142857143	0.7142857142857143
40	3	1	0.0	0.0	0.0	0.25	0.25	0.25	0.25	0.25	0.25	0.25	0.25	0.25	0.25	0.25	0.25	0.25	0.25	0.25	0.25	0.25
40	3	2	0.0	0.0	0.0	0.9041095890410958	0.9041095890410958	0.9041095890410958	0.9041095890410958	0.9041095890410958	0.9041095890410958	0.9041095890410958	0.9041095890410958	0.9041095890410958	0.9041095890410958	0.9041095890410958	0.9041095890410958	0.9041095890410958	0.9041095890410958	0.9041095890410958	0.9041095890410958	0.9041095890410958
41	3	1	0.0	0.0	0.0	0.0	0.25	0.25	0.25	0.25	0.25	0.25	0.5	0.5	0.5	0.5	0.5	0.5	0.5	0.5	0.5	0.5
41	3	2	0.0	0.0	0.0	0.0	0.6	0.6	0.6	0.6	0.6	0.6	0.9666666666666666	0.9666666666666666	0.9666666666666666	0.9666666666666666	0.9666666666666666	0.9666666666666666	0.9666666666666666	0.9666666666666666	0.9666666666666666	0.9666666666666666
42	3	1	0.0	0.0	0.0	0.0	0.0	0.0	0.0	0.0	0.0	0.0	0.0	0.0	0.0	0.0	0.0	0.0	0.0	0.0	0.0	0.0
42	3	2	0.0	0.0	0.0	0.0	0.0	0.0	0.0	0.0	0.0	0.0	0.0	0.0	0.0	0.0	0.0	0.0	0.0	0.0	0.0	0.0
43	3	1	0.0	0.0	0.0	0.0	0.0	0.0	0.0	0.0	0.0	0.0	0.0	0.0	0.0	0.0	0.0	0.0	0.0	0.0	0.0	0.0
43	3	2	0.0	0.0	0.0	0.0	0.0	0.0	0.0	0.0	0.0	0.0	0.0	0.0	0.0	0.0	0.0	0.0	0.0	0.0	0.0	0.0
44	3	1	0.0	0.0	0.16666666666666666	0.16666666666666666	0.16666666666666666	0.16666666666666666	0.16666666666666666	0.16666666666666666	0.16666666666666666	0.16666666666666666	0.16666666666666666	0.16666666666666666	0.16666666666666666	0.16666666666666666	0.16666666666666666	0.16666666666666666	0.16666666666666666	0.16666666666666666	0.16666666666666666	0.16666666666666666
44	3	2	0.0	0.0	0.5882352941176471	0.5882352941176471	0.5882352941176471	0.5882352941176471	0.5882352941176471	0.5882352941176471	0.5882352941176471	0.5882352941176471	0.5882352941176471	0.5882352941176471	0.5882352941176471	0.5882352941176471	0.5882352941176471	0.5882352941176471	0.5882352941176471	0.5882352941176471	0.5882352941176471	0.5882352941176471
45	3	1	0.3333333333333333	0.3333333333333333	0.3333333333333333	0.3333333333333333	0.3333333333333333	0.3333333333333333	0.3333333333333333	0.3333333333333333	0.6666666666666666	0.6666666666666666	0.6666666666666666	0.6666666666666666	0.6666666666666666	0.6666666666666666	0.6666666666666666	0.6666666666666666	0.6666666666666666	0.6666666666666666	0.6666666666666666	0.6666666666666666
45	3	2	0.3181818181818182	0.3181818181818182	0.3181818181818182	0.3181818181818182	0.3181818181818182	0.3181818181818182	0.3181818181818182	0.3181818181818182	0.9545454545454546	0.9545454545454546	0.9545454545454546	0.9545454545454546	0.9545454545454546	0.9545454545454546	0.9545454545454546	0.9545454545454546	0.9545454545454546	0.9545454545454546	0.9545454545454546	0.9545454545454546
46	3	1	0.5	0.5	0.5	0.5	0.5	1.0	1.0	1.0	1.0	1.0	1.0	1.0	1.0	1.0	1.0	1.0	1.0	1.0	1.0	1.0
46	3	2	0.7213114754098361	0.7213114754098361	0.7213114754098361	0.7213114754098361	0.7213114754098361	1.0	1.0	1.0	1.0	1.0	1.0	1.0	1.0	1.0	1.0	1.0	1.0	1.0	1.0	1.0
47	3	1	0.0	0.0	0.0	0.0	0.0	0.0	0.4	0.4	0.4	0.4	0.4	0.4	0.4	0.4	0.4	0.4	0.4	0.4	0.4	0.4
47	3	2	0.0	0.0	0.0	0.0	0.0	0.0	0.8333333333333334	0.8333333333333334	0.8333333333333334	0.8333333333333334	0.8333333333333334	0.8333333333333334	0.8333333333333334	0.8333333333333334	0.8333333333333334	0.8333333333333334	0.8333333333333334	0.8333333333333334	0.8333333333333334	0.8333333333333334
48	3	1	0.0	0.0	0.0	0.0	0.0	0.0	0.0	0.16666666666666666	0.16666666666666666	0.16666666666666666	0.16666666666666666	0.16666666666666666	0.16666666666666666	0.16666666666666666	0.16666666666666666	0.16666666666666666	0.16666666666666666	0.16666666666666666	0.16666666666666666	0.3333333333333333
48	3	2	0.0	0.0	0.0	0.0	0.0	0.0	0.0	0.08823529411764706	0.08823529411764706	0.08823529411764706	0.08823529411764706	0.08823529411764706	0.08823529411764706	0.08823529411764706	0.08823529411764706	0.08823529411764706	0.08823529411764706	0.08823529411764706	0.08823529411764706	0.7058823529411765
49	3	1	0.0	0.3333333333333333	1.0	1.0	1.0	1.0	1.0	1.0	1.0	1.0	1.0	1.0	1.0	1.0	1.0	1.0	1.0	1.0	1.0	1.0
49	3	2	0.0	0.46551724137931033	1.0	1.0	1.0	1.0	1.0	1.0	1.0	1.0	1.0	1.0	1.0	1.0	1.0	1.0	1.0	1.0	1.0	1.0
